0.000000 4.950000 0.000000
0.010000 4.948150 -0.369951
0.020000 4.942602 -0.739534
0.030000 4.933362 -1.108382
0.040000 4.920438 -1.476130
0.050000 4.903844 -1.842413
0.060000 4.883596 -2.206871
0.070000 4.859714 -2.569149
0.080000 4.832222 -2.928894
0.090000 4.801146 -3.285760
0.100000 4.766517 -3.639407
0.110000 4.728369 -3.989499
0.120000 4.686740 -4.335711
0.130000 4.641669 -4.677723
0.140000 4.593201 -5.015227
0.150000 4.541381 -5.347920
0.160000 4.486259 -5.675511
0.170000 4.427888 -5.997719
0.180000 4.366324 -6.314273
0.190000 4.301623 -6.624914
0.200000 4.233846 -6.929394
0.210000 4.163056 -7.227477
0.220000 4.089318 -7.518937
0.230000 4.012700 -7.803565
0.240000 3.933271 -8.081161
0.250000 3.851101 -8.351539
0.260000 3.766264 -8.614525
0.270000 3.678836 -8.869962
0.280000 3.588891 -9.117701
0.290000 3.496508 -9.357610
0.300000 3.401765 -9.589570
0.310000 3.304743 -9.813473
0.320000 3.205523 -10.029228
0.330000 3.104186 -10.236755
0.340000 3.000815 -10.435987
0.350000 2.895494 -10.626870
0.360000 2.788306 -10.809363
0.370000 2.679335 -10.983439
0.380000 2.568665 -11.149082
0.390000 2.456381 -11.306287
0.400000 2.342568 -11.455063
0.410000 2.227308 -11.595429
0.420000 2.110687 -11.727415
0.430000 1.992788 -11.851063
0.440000 1.873693 -11.966424
0.450000 1.753487 -12.073562
0.460000 1.632249 -12.172546
0.470000 1.510063 -12.263457
0.480000 1.387007 -12.346386
0.490000 1.263161 -12.421430
0.500000 1.138604 -12.488695
0.510000 1.013413 -12.548293
0.520000 0.887663 -12.600347
0.530000 0.761431 -12.644983
0.540000 0.634788 -12.682333
0.550000 0.507808 -12.712538
0.560000 0.380561 -12.735742
0.570000 0.253116 -12.752093
0.580000 0.125541 -12.761746
0.590000 -0.002097 -12.764858
0.600000 -0.129735 -12.761591
0.610000 -0.257308 -12.752108
0.620000 -0.384757 -12.736578
0.630000 -0.512020 -12.715170
0.640000 -0.639041 -12.688055
0.650000 -0.765763 -12.655407
0.660000 -0.892131 -12.617401
0.670000 -1.018094 -12.574212
0.680000 -1.143599 -12.526016
0.690000 -1.268598 -12.472989
0.700000 -1.393043 -12.415308
0.710000 -1.516889 -12.353149
0.720000 -1.640092 -12.286687
0.730000 -1.762609 -12.216097
0.740000 -1.884401 -12.141552
0.750000 -2.005428 -12.063223
0.760000 -2.125653 -11.981283
0.770000 -2.245042 -11.895898
0.780000 -2.363560 -11.807236
0.790000 -2.481176 -11.715461
0.800000 -2.597859 -11.620734
0.810000 -2.713581 -11.523216
0.820000 -2.828315 -11.423063
0.830000 -2.942034 -11.320429
0.840000 -3.054716 -11.215465
0.850000 -3.166337 -11.108319
0.860000 -3.276875 -10.999136
0.870000 -3.386313 -10.888057
0.880000 -3.494631 -10.775222
0.890000 -3.601812 -10.660763
0.900000 -3.707841 -10.544814
0.910000 -3.812704 -10.427502
0.920000 -3.916387 -10.308952
0.930000 -4.018879 -10.189284
0.940000 -4.120169 -10.068616
0.950000 -4.220248 -9.947062
0.960000 -4.319108 -9.824733
0.970000 -4.416741 -9.701733
0.980000 -4.513141 -9.578168
0.990000 -4.608303 -9.454136
1.000000 -4.702222 -9.329734
1.010000 -4.794896 -9.205053
1.020000 -4.886323 -9.080184
1.030000 -4.976500 -8.955210
1.040000 -5.065427 -8.830216
1.050000 -5.153104 -8.705279
1.060000 -5.239533 -8.580475
1.070000 -5.324714 -8.455876
1.080000 -5.408651 -8.331552
1.090000 -5.491347 -8.207568
1.100000 -5.572804 -8.083987
1.110000 -5.653028 -7.960868
1.120000 -5.732023 -7.838269
1.130000 -5.809795 -7.716244
1.140000 -5.886350 -7.594844
1.150000 -5.961694 -7.474116
1.160000 -6.035835 -7.354107
1.170000 -6.108779 -7.234860
1.180000 -6.180535 -7.116414
1.190000 -6.251110 -6.998808
1.200000 -6.320514 -6.882078
1.210000 -6.388755 -6.766257
1.220000 -6.455842 -6.651375
1.230000 -6.521785 -6.537461
1.240000 -6.586594 -6.424541
1.250000 -6.650280 -6.312641
1.260000 -6.712851 -6.201783
1.270000 -6.774319 -6.091986
1.280000 -6.834694 -5.983271
1.290000 -6.893988 -5.875653
1.300000 -6.952211 -5.769147
1.310000 -7.009374 -5.663768
1.320000 -7.065490 -5.559527
1.330000 -7.120569 -5.456434
1.340000 -7.174623 -5.354498
1.350000 -7.227663 -5.253726
1.360000 -7.279701 -5.154124
1.370000 -7.330749 -5.055698
1.380000 -7.380819 -4.958449
1.390000 -7.429922 -4.862381
1.400000 -7.478070 -4.767494
1.410000 -7.525276 -4.673789
1.420000 -7.571550 -4.581264
1.430000 -7.616905 -4.489917
1.440000 -7.661352 -4.399745
1.450000 -7.704904 -4.310743
1.460000 -7.747571 -4.222908
1.470000 -7.789366 -4.136233
1.480000 -7.830300 -4.050711
1.490000 -7.870384 -3.966336
1.500000 -7.909630 -3.883100
1.510000 -7.948050 -3.800993
1.520000 -7.985654 -3.720006
1.530000 -8.022454 -3.640131
1.540000 -8.058460 -3.561355
1.550000 -8.093684 -3.483669
1.560000 -8.128137 -3.407060
1.570000 -8.161829 -3.331517
1.580000 -8.194771 -3.257027
1.590000 -8.226973 -3.183578
1.600000 -8.258446 -3.111156
1.610000 -8.289200 -3.039748
1.620000 -8.319244 -2.969340
1.630000 -8.348590 -2.899917
1.640000 -8.377246 -2.831466
1.650000 -8.405222 -2.763970
1.660000 -8.432528 -2.697416
1.670000 -8.459174 -2.631788
1.680000 -8.485167 -2.567070
1.690000 -8.510518 -2.503246
1.700000 -8.535235 -2.440302
1.710000 -8.559327 -2.378220
1.720000 -8.582802 -2.316984
1.730000 -8.605669 -2.256579
1.740000 -8.627936 -2.196987
1.750000 -8.649612 -2.138193
1.760000 -8.670703 -2.080178
1.770000 -8.691218 -2.022928
1.780000 -8.711164 -1.966424
1.790000 -8.730549 -1.910649
1.800000 -8.749379 -1.855588
1.810000 -8.767663 -1.801222
1.820000 -8.785406 -1.747535
1.830000 -8.802616 -1.694509
1.840000 -8.819298 -1.642128
1.850000 -8.835460 -1.590374
1.860000 -8.851108 -1.539230
1.870000 -8.866247 -1.488679
1.880000 -8.880883 -1.438703
1.890000 -8.895023 -1.389286
1.900000 -8.908671 -1.340409
1.910000 -8.921833 -1.292057
1.920000 -8.934514 -1.244211
1.930000 -8.946719 -1.196855
1.940000 -8.958452 -1.149971
1.950000 -8.969720 -1.103543
1.960000 -8.980525 -1.057552
1.970000 -8.990872 -1.011983
1.980000 -9.000766 -0.966817
1.990000 -9.010210 -0.922038
2.000000 -9.019208 -0.877629
2.010000 -9.027763 -0.833573
2.020000 -9.035880 -0.789853
2.030000 -9.043562 -0.746451
2.040000 -9.050810 -0.703351
2.050000 -9.057629 -0.660536
2.060000 -9.064022 -0.617989
2.070000 -9.069990 -0.575693
2.080000 -9.075537 -0.533631
2.090000 -9.080663 -0.491787
2.100000 -9.085373 -0.450144
2.110000 -9.089667 -0.408684
2.120000 -9.093547 -0.367392
2.130000 -9.097015 -0.326250
2.140000 -9.100073 -0.285242
2.150000 -9.102720 -0.244350
2.160000 -9.104960 -0.203559
2.170000 -9.106792 -0.162852
2.180000 -9.108217 -0.122211
2.190000 -9.109236 -0.081621
2.200000 -9.109850 -0.041064
2.210000 -9.110058 -0.000524
2.220000 -9.109860 0.040016
2.230000 -9.109257 0.080572
2.240000 -9.108249 0.121161
2.250000 -9.106834 0.161801
2.260000 -9.105012 0.202506
2.270000 -9.102784 0.243295
2.280000 -9.100146 0.284183
2.290000 -9.097099 0.325188
2.300000 -9.093642 0.366327
2.310000 -9.089772 0.407615
2.320000 -9.085489 0.449070
2.330000 -9.080790 0.490708
2.340000 -9.075674 0.532547
2.350000 -9.070139 0.574603
2.360000 -9.064181 0.616892
2.370000 -9.057800 0.659433
2.380000 -9.050992 0.702241
2.390000 -9.043754 0.745333
2.400000 -9.036084 0.788727
2.410000 -9.027979 0.832439
2.420000 -9.019434 0.876486
2.430000 -9.010448 0.920886
2.440000 -9.001015 0.965655
2.450000 -8.991133 1.010810
2.460000 -8.980798 1.056369
2.470000 -8.970005 1.102349
2.480000 -8.958749 1.148766
2.490000 -8.947028 1.195637
2.500000 -8.934835 1.242981
2.510000 -8.922167 1.290814
2.520000 -8.909017 1.339153
2.530000 -8.895382 1.388015
2.540000 -8.881255 1.437419
2.550000 -8.866632 1.487380
2.560000 -8.851506 1.537916
2.570000 -8.835871 1.589045
2.580000 -8.819723 1.640783
2.590000 -8.803053 1.693147
2.600000 -8.785858 1.746156
2.610000 -8.768128 1.799826
2.620000 -8.749859 1.854174
2.630000 -8.731042 1.909217
2.640000 -8.711672 1.964973
2.650000 -8.691740 2.021458
2.660000 -8.671240 2.078689
2.670000 -8.650164 2.136683
2.680000 -8.628504 2.195458
2.690000 -8.606252 2.255029
2.700000 -8.583401 2.315413
2.710000 -8.559941 2.376626
2.720000 -8.535865 2.438686
2.730000 -8.511165 2.501608
2.740000 -8.485830 2.565409
2.750000 -8.459854 2.630103
2.760000 -8.433225 2.695708
2.770000 -8.405936 2.762238
2.780000 -8.377977 2.829709
2.790000 -8.349339 2.898136
2.800000 -8.320011 2.967533
2.810000 -8.289985 3.037916
2.820000 -8.259250 3.109298
2.830000 -8.227796 3.181693
2.840000 -8.195612 3.255116
2.850000 -8.162690 3.329578
2.860000 -8.129017 3.405094
2.870000 -8.094584 3.481675
2.880000 -8.059380 3.559333
2.890000 -8.023394 3.638081
2.900000 -7.986615 3.717928
2.910000 -7.949032 3.798885
2.920000 -7.910634 3.880963
2.930000 -7.871409 3.964170
2.940000 -7.831346 4.048516
2.950000 -7.790435 4.134008
2.960000 -7.748662 4.220653
2.970000 -7.706018 4.308458
2.980000 -7.662489 4.397429
2.990000 -7.618065 4.487571
3.000000 -7.572734 4.578888
3.010000 -7.526484 4.671383
3.020000 -7.479302 4.765057
3.030000 -7.431179 4.859913
3.040000 -7.382100 4.955951
3.050000 -7.332056 5.053169
3.060000 -7.281033 5.151565
3.070000 -7.229020 5.251136
3.080000 -7.176006 5.351878
3.090000 -7.121979 5.453784
3.100000 -7.066927 5.556848
3.110000 -7.010838 5.661059
3.120000 -6.953702 5.766409
3.130000 -6.895506 5.872886
3.140000 -6.836240 5.980475
3.150000 -6.775893 6.089162
3.160000 -6.714453 6.198931
3.170000 -6.651911 6.309762
3.180000 -6.588255 6.421636
3.190000 -6.523475 6.534529
3.200000 -6.457561 6.648418
3.210000 -6.390503 6.763275
3.220000 -6.322292 6.879073
3.230000 -6.252919 6.995780
3.240000 -6.182374 7.113363
3.250000 -6.110649 7.231788
3.260000 -6.037735 7.351015
3.270000 -5.963626 7.471005
3.280000 -5.888313 7.591714
3.290000 -5.811789 7.713098
3.300000 -5.734049 7.835108
3.310000 -5.655085 7.957692
3.320000 -5.574893 8.080798
3.330000 -5.493468 8.204368
3.340000 -5.410804 8.328343
3.350000 -5.326900 8.452659
3.360000 -5.241750 8.577251
3.370000 -5.155354 8.702051
3.380000 -5.067709 8.826985
3.390000 -4.978814 8.951979
3.400000 -4.888669 9.076954
3.410000 -4.797275 9.201828
3.420000 -4.704633 9.326514
3.430000 -4.610746 9.450925
3.440000 -4.515616 9.574968
3.450000 -4.419248 9.698546
3.460000 -4.321647 9.821561
3.470000 -4.222819 9.943910
3.480000 -4.122771 10.065485
3.490000 -4.021512 10.186177
3.500000 -3.919051 10.305872
3.510000 -3.815399 10.424453
3.520000 -3.710566 10.541798
3.530000 -3.604567 10.657784
3.540000 -3.497416 10.772283
3.550000 -3.389127 10.885162
3.560000 -3.279718 10.996288
3.570000 -3.169208 11.105522
3.580000 -3.057615 11.212722
3.590000 -2.944960 11.317745
3.600000 -2.831267 11.420441
3.610000 -2.716560 11.520660
3.620000 -2.600863 11.618248
3.630000 -2.484204 11.713049
3.640000 -2.366612 11.804902
3.650000 -2.248116 11.893647
3.660000 -2.128750 11.979118
3.670000 -2.008546 12.061150
3.680000 -1.887539 12.139574
3.690000 -1.765767 12.214219
3.700000 -1.643268 12.284914
3.710000 -1.520082 12.351484
3.720000 -1.396252 12.413757
3.730000 -1.271822 12.471556
3.740000 -1.146837 12.524705
3.750000 -1.021344 12.573028
3.760000 -0.895393 12.616349
3.770000 -0.769034 12.654492
3.780000 -0.642321 12.687280
3.790000 -0.515307 12.714540
3.800000 -0.388049 12.736098
3.810000 -0.260605 12.751782
3.820000 -0.133033 12.761423
3.830000 -0.005397 12.764853
3.840000 0.122242 12.761908
3.850000 0.249820 12.752426
3.860000 0.377269 12.736250
3.870000 0.504522 12.713226
3.880000 0.631510 12.683204
3.890000 0.758162 12.646039
3.900000 0.884406 12.601594
3.910000 1.010169 12.549733
3.920000 1.135376 12.490331
3.930000 1.259950 12.423266
3.940000 1.383815 12.348425
3.950000 1.506892 12.265701
3.960000 1.629103 12.174997
3.970000 1.750365 12.076223
3.980000 1.870600 11.969297
3.990000 1.989724 11.854149
4.000000 2.107655 11.730716
4.010000 2.224311 11.598946
4.020000 2.339606 11.458797
4.030000 2.453458 11.310239
4.040000 2.565783 11.153252
4.050000 2.676495 10.987827
4.060000 2.785511 10.813969
4.070000 2.892747 10.631693
4.080000 2.998117 10.441026
4.090000 3.101539 10.242010
4.100000 3.202930 10.034697
4.110000 3.302206 9.819153
4.120000 3.399286 9.595459
4.130000 3.494088 9.363706
4.140000 3.586533 9.124001
4.150000 3.676542 8.876463
4.160000 3.764037 8.621224
4.170000 3.848941 8.358430
4.180000 3.931181 8.088241
4.190000 4.010682 7.810830
4.200000 4.087374 7.526382
4.210000 4.161187 7.235095
4.220000 4.232054 6.937181
4.230000 4.299909 6.632863
4.240000 4.364690 6.322378
4.250000 4.426337 6.005973
4.260000 4.484791 5.683908
4.270000 4.539997 5.356453
4.280000 4.591903 5.023888
4.290000 4.640459 4.686505
4.300000 4.685618 4.344605
4.310000 4.727337 3.998498
4.320000 4.765575 3.648502
4.330000 4.800295 3.294944
4.340000 4.831463 2.938157
4.350000 4.859049 2.578482
4.360000 4.883024 2.216265
4.370000 4.903367 1.851858
4.380000 4.920055 1.485617
4.390000 4.933074 1.117904
4.400000 4.942410 0.749079
4.410000 4.948053 0.379511
4.420000 4.949999 0.009564
4.430000 4.948244 -0.360391
4.440000 4.942792 -0.729989
4.450000 4.933647 -1.098860
4.460000 4.920819 -1.466641
4.470000 4.904319 -1.832966
4.480000 4.884165 -2.197476
4.490000 4.860377 -2.559815
4.500000 4.832977 -2.919630
4.510000 4.801994 -3.276575
4.520000 4.767457 -3.630309
4.530000 4.729399 -3.980497
4.540000 4.687860 -4.326813
4.550000 4.642877 -4.668938
4.560000 4.594496 -5.006562
4.570000 4.542762 -5.339383
4.580000 4.487725 -5.667109
4.590000 4.429438 -5.989460
4.600000 4.367955 -6.306164
4.610000 4.303334 -6.616961
4.620000 4.235636 -6.921603
4.630000 4.164923 -7.219854
4.640000 4.091261 -7.511489
4.650000 4.014716 -7.796296
4.660000 3.935359 -8.074076
4.670000 3.853259 -8.344642
4.680000 3.768490 -8.607822
4.690000 3.681128 -8.863455
4.700000 3.591247 -9.111395
4.710000 3.498926 -9.351508
4.720000 3.404243 -9.583675
4.730000 3.307279 -9.807788
4.740000 3.208115 -10.023755
4.750000 3.106831 -10.231495
4.760000 3.003512 -10.430942
4.770000 2.898240 -10.622041
4.780000 2.791099 -10.804752
4.790000 2.682173 -10.979046
4.800000 2.571547 -11.144907
4.810000 2.459303 -11.302330
4.820000 2.345528 -11.451323
4.830000 2.230305 -11.591906
4.840000 2.113718 -11.724108
4.850000 1.995851 -11.847971
4.860000 1.876786 -11.963546
4.870000 1.756607 -12.070895
4.880000 1.635396 -12.170089
4.890000 1.513232 -12.261208
4.900000 1.390198 -12.344342
4.910000 1.266372 -12.419588
4.920000 1.141832 -12.487053
4.930000 1.016656 -12.546848
4.940000 0.890920 -12.599096
4.950000 0.764699 -12.643921
4.960000 0.638066 -12.681459
4.970000 0.511094 -12.711846
4.980000 0.383853 -12.735229
4.990000 0.256412 -12.751756
5.000000 0.128840 -12.761580
5.010000 0.001202 -12.764859
5.020000 -0.126436 -12.761754
5.030000 -0.254012 -12.752430
5.040000 -0.381464 -12.737054
5.050000 -0.508734 -12.715796
5.060000 -0.635761 -12.688827
5.070000 -0.762492 -12.656320
5.080000 -0.888870 -12.618450
5.090000 -1.014843 -12.575392
5.100000 -1.140361 -12.527323
5.110000 -1.265374 -12.474419
5.120000 -1.389834 -12.416856
5.130000 -1.513696 -12.354811
5.140000 -1.636916 -12.288458
5.150000 -1.759451 -12.217972
5.160000 -1.881262 -12.143527
5.170000 -2.002309 -12.065294
5.180000 -2.122556 -11.983445
5.190000 -2.241967 -11.898147
5.200000 -2.360508 -11.809568
5.210000 -2.478148 -11.717871
5.220000 -2.594855 -11.623219
5.230000 -2.710603 -11.525771
5.240000 -2.825362 -11.425684
5.250000 -2.939108 -11.323112
5.260000 -3.051816 -11.218206
5.270000 -3.163465 -11.111115
5.280000 -3.274032 -11.001983
5.290000 -3.383498 -10.890951
5.300000 -3.491845 -10.778159
5.310000 -3.599056 -10.663741
5.320000 -3.705115 -10.547829
5.330000 -3.810008 -10.430551
5.340000 -3.913722 -10.312031
5.350000 -4.016245 -10.192390
5.360000 -4.117566 -10.071747
5.370000 -4.217677 -9.950215
5.380000 -4.316568 -9.827903
5.390000 -4.414233 -9.704920
5.400000 -4.510664 -9.581368
5.410000 -4.605858 -9.457347
5.420000 -4.699810 -9.332953
5.430000 -4.792517 -9.208279
5.440000 -4.883975 -9.083413
5.450000 -4.974184 -8.958441
5.460000 -5.063144 -8.833447
5.470000 -5.150854 -8.708507
5.480000 -5.237314 -8.583699
5.490000 -5.322528 -8.459094
5.500000 -5.406497 -8.334762
5.510000 -5.489225 -8.210768
5.520000 -5.570714 -8.087175
5.530000 -5.650970 -7.964044
5.540000 -5.729997 -7.841431
5.550000 -5.807800 -7.719391
5.560000 -5.884386 -7.597973
5.570000 -5.959762 -7.477228
5.580000 -6.033933 -7.357200
5.590000 -6.106908 -7.237932
5.600000 -6.178695 -7.119465
5.610000 -6.249300 -7.001837
5.620000 -6.318734 -6.885084
5.630000 -6.387005 -6.769239
5.640000 -6.454122 -6.654332
5.650000 -6.520095 -6.540393
5.660000 -6.584933 -6.427447
5.670000 -6.648647 -6.315521
5.680000 -6.711247 -6.204635
5.690000 -6.772744 -6.094811
5.700000 -6.833147 -5.986067
5.710000 -6.892469 -5.878420
5.720000 -6.950719 -5.771886
5.730000 -7.007910 -5.666478
5.740000 -7.064053 -5.562207
5.750000 -7.119158 -5.459084
5.760000 -7.173238 -5.357118
5.770000 -7.226304 -5.256316
5.780000 -7.278368 -5.156684
5.790000 -7.329442 -5.058227
5.800000 -7.379537 -4.960948
5.810000 -7.428665 -4.864849
5.820000 -7.476838 -4.769932
5.830000 -7.524067 -4.676196
5.840000 -7.570366 -4.583641
5.850000 -7.615744 -4.492263
5.860000 -7.660215 -4.402061
5.870000 -7.703789 -4.313029
5.880000 -7.746479 -4.225164
5.890000 -7.788296 -4.138459
5.900000 -7.829252 -4.052908
5.910000 -7.869358 -3.968503
5.920000 -7.908626 -3.885237
5.930000 -7.947067 -3.803101
5.940000 -7.984692 -3.722086
5.950000 -8.021512 -3.642181
5.960000 -8.057539 -3.563378
5.970000 -8.092783 -3.485663
5.980000 -8.127256 -3.409027
5.990000 -8.160968 -3.333456
6.000000 -8.193929 -3.258940
6.010000 -8.226150 -3.185464
6.020000 -8.257641 -3.113016
6.030000 -8.288414 -3.041582
6.040000 -8.318476 -2.971148
6.050000 -8.347840 -2.901700
6.060000 -8.376514 -2.833223
6.070000 -8.404507 -2.765703
6.080000 -8.431831 -2.699125
6.090000 -8.458493 -2.633473
6.100000 -8.484503 -2.568731
6.110000 -8.509871 -2.504885
6.120000 -8.534604 -2.441918
6.130000 -8.558712 -2.379814
6.140000 -8.582203 -2.318557
6.150000 -8.605086 -2.258130
6.160000 -8.627368 -2.198518
6.170000 -8.649059 -2.139703
6.180000 -8.670165 -2.081668
6.190000 -8.690695 -2.024398
6.200000 -8.710655 -1.967875
6.210000 -8.730055 -1.912082
6.220000 -8.748899 -1.857002
6.230000 -8.767197 -1.802619
6.240000 -8.784954 -1.748914
6.250000 -8.802177 -1.695872
6.260000 -8.818874 -1.643474
6.270000 -8.835049 -1.591704
6.280000 -8.850710 -1.540544
6.290000 -8.865862 -1.489978
6.300000 -8.880511 -1.439988
6.310000 -8.894664 -1.390556
6.320000 -8.908324 -1.341666
6.330000 -8.921499 -1.293300
6.340000 -8.934192 -1.245442
6.350000 -8.946409 -1.198073
6.360000 -8.958155 -1.151177
6.370000 -8.969434 -1.104737
6.380000 -8.980251 -1.058736
6.390000 -8.990610 -1.013156
6.400000 -9.000516 -0.967980
6.410000 -9.009971 -0.923191
6.420000 -9.018981 -0.878773
6.430000 -9.027548 -0.834708
6.440000 -9.035676 -0.790979
6.450000 -9.043368 -0.747569
6.460000 -9.050628 -0.704461
6.470000 -9.057459 -0.661639
6.480000 -9.063862 -0.619085
6.490000 -9.069841 -0.576783
6.500000 -9.075398 -0.534716
6.510000 -9.080536 -0.492866
6.520000 -9.085256 -0.451218
6.530000 -9.089561 -0.409754
6.540000 -9.093452 -0.368457
6.550000 -9.096931 -0.327312
6.560000 -9.099999 -0.286300
6.570000 -9.102657 -0.245406
6.580000 -9.104907 -0.204613
6.590000 -9.106750 -0.163903
6.600000 -9.108185 -0.123261
6.610000 -9.109215 -0.082670
6.620000 -9.109839 -0.042112
6.630000 -9.110057 -0.001572
6.640000 -9.109870 0.038968
6.650000 -9.109278 0.079523
6.660000 -9.108280 0.120112
6.670000 -9.106876 0.160749
6.680000 -9.105065 0.201453
6.690000 -9.102846 0.242239
6.700000 -9.100220 0.283125
6.710000 -9.097183 0.324127
6.720000 -9.093737 0.365262
6.730000 -9.089878 0.406546
6.740000 -9.085605 0.447996
6.750000 -9.080917 0.489630
6.760000 -9.075812 0.531463
6.770000 -9.070287 0.573513
6.780000 -9.064341 0.615796
6.790000 -9.057970 0.658330
6.800000 -9.051173 0.701131
6.810000 -9.043947 0.744215
6.820000 -9.036288 0.787601
6.830000 -9.028194 0.831305
6.840000 -9.019661 0.875343
6.850000 -9.010686 0.919734
6.860000 -9.001265 0.964493
6.870000 -8.991395 1.009638
6.880000 -8.981071 1.055186
6.890000 -8.970289 1.101155
6.900000 -8.959046 1.147560
6.910000 -8.947337 1.194420
6.920000 -8.935156 1.241751
6.930000 -8.922500 1.289571
6.940000 -8.909363 1.337897
6.950000 -8.895740 1.386746
6.960000 -8.881626 1.436135
6.970000 -8.867016 1.486081
6.980000 -8.851903 1.536602
6.990000 -8.836282 1.587715
7.000000 -8.820147 1.639437
7.010000 -8.803491 1.691786
7.020000 -8.786309 1.744778
7.030000 -8.768593 1.798430
7.040000 -8.750338 1.852761
7.050000 -8.731536 1.907786
7.060000 -8.712180 1.963523
7.070000 -8.692263 2.019989
7.080000 -8.671777 2.077200
7.090000 -8.650716 2.135175
7.100000 -8.629071 2.193929
7.110000 -8.606835 2.253479
7.120000 -8.583999 2.313841
7.130000 -8.560555 2.375034
7.140000 -8.536496 2.437071
7.150000 -8.511811 2.499971
7.160000 -8.486493 2.563748
7.170000 -8.460533 2.628420
7.180000 -8.433922 2.694001
7.190000 -8.406650 2.760507
7.200000 -8.378709 2.827953
7.210000 -8.350088 2.896355
7.220000 -8.320778 2.965727
7.230000 -8.290770 3.036084
7.240000 -8.260053 3.107440
7.250000 -8.228618 3.179809
7.260000 -8.196454 3.253205
7.270000 -8.163550 3.327641
7.280000 -8.129897 3.403129
7.290000 -8.095484 3.479682
7.300000 -8.060300 3.557312
7.310000 -8.024334 3.636031
7.320000 -7.987576 3.715850
7.330000 -7.950014 3.796779
7.340000 -7.911636 3.878827
7.350000 -7.872433 3.962005
7.360000 -7.832393 4.046321
7.370000 -7.791503 4.131784
7.380000 -7.749753 4.218399
7.390000 -7.707131 4.306174
7.400000 -7.663626 4.395115
7.410000 -7.619225 4.485227
7.420000 -7.573917 4.576513
7.430000 -7.527691 4.668977
7.440000 -7.480534 4.762621
7.450000 -7.432434 4.857447
7.460000 -7.383381 4.953454
7.470000 -7.333361 5.050641
7.480000 -7.282364 5.149007
7.490000 -7.230377 5.248548
7.500000 -7.177389 5.349260
7.510000 -7.123388 5.451136
7.520000 -7.068363 5.554169
7.530000 -7.012301 5.658351
7.540000 -6.955192 5.763672
7.550000 -6.897024 5.870119
7.560000 -6.837786 5.977680
7.570000 -6.777467 6.086340
7.580000 -6.716055 6.196080
7.590000 -6.653541 6.306885
7.600000 -6.589914 6.418731
7.610000 -6.525163 6.531599
7.620000 -6.459279 6.645462
7.630000 -6.392251 6.760294
7.640000 -6.324070 6.876068
7.650000 -6.254727 6.992752
7.660000 -6.184212 7.110313
7.670000 -6.112517 7.228716
7.680000 -6.039635 7.347923
7.690000 -5.965556 7.467894
7.700000 -5.890275 7.588586
7.710000 -5.813782 7.709953
7.720000 -5.736073 7.831947
7.730000 -5.657142 7.954517
7.740000 -5.576981 8.077610
7.750000 -5.495588 8.201169
7.760000 -5.412957 8.325134
7.770000 -5.329084 8.449442
7.780000 -5.243967 8.574028
7.790000 -5.157603 8.698823
7.800000 -5.069990 8.823755
7.810000 -4.981127 8.948749
7.820000 -4.891015 9.073725
7.830000 -4.799653 9.198602
7.840000 -4.707044 9.323294
7.850000 -4.613188 9.447714
7.860000 -4.518091 9.571767
7.870000 -4.421755 9.695359
7.880000 -4.324185 9.818389
7.890000 -4.225389 9.940756
7.900000 -4.125373 10.062353
7.910000 -4.024145 10.183069
7.920000 -3.921715 10.302792
7.930000 -3.818093 10.421403
7.940000 -3.713291 10.538782
7.950000 -3.607322 10.654805
7.960000 -3.500200 10.769343
7.970000 -3.391940 10.882266
7.980000 -3.282560 10.993439
7.990000 -3.172078 11.102724
8.000000 -3.060512 11.209978
8.010000 -2.947885 11.315059
8.020000 -2.834219 11.417817
8.030000 -2.719537 11.518102
8.040000 -2.603866 11.615760
8.050000 -2.487231 11.710635
8.060000 -2.369663 11.802566
8.070000 -2.251190 11.891394
8.080000 -2.131846 11.976952
8.090000 -2.011663 12.059075
8.100000 -1.890676 12.137594
8.110000 -1.768923 12.212339
8.120000 -1.646443 12.283138
8.130000 -1.523274 12.349817
8.140000 -1.399461 12.412203
8.150000 -1.275045 12.470120
8.160000 -1.150074 12.523391
8.170000 -1.024593 12.571842
8.180000 -0.898654 12.615294
8.190000 -0.772305 12.653573
8.200000 -0.645600 12.686502
8.210000 -0.518593 12.713907
8.220000 -0.391341 12.735614
8.230000 -0.263900 12.751452
8.240000 -0.136332 12.761251
8.250000 -0.008696 12.764844
8.260000 0.118944 12.762066
8.270000 0.246523 12.752755
8.280000 0.373977 12.736754
8.290000 0.501236 12.713908
8.300000 0.628231 12.684069
8.310000 0.754893 12.647091
8.320000 0.881149 12.602835
8.330000 1.006925 12.551168
8.340000 1.132147 12.491962
8.350000 1.256739 12.425097
8.360000 1.380623 12.350458
8.370000 1.503722 12.267939
8.380000 1.625955 12.177443
8.390000 1.747244 12.078878
8.400000 1.867506 11.972164
8.410000 1.986660 11.857229
8.420000 2.104623 11.734011
8.430000 2.221312 11.602457
8.440000 2.336644 11.462525
8.450000 2.450535 11.314185
8.460000 2.562900 11.157416
8.470000 2.673655 10.992209
8.480000 2.782716 10.818569
8.490000 2.889998 10.636510
8.500000 2.995418 10.446060
8.510000 3.098891 10.247258
8.520000 3.200335 10.040159
8.530000 3.299667 9.824827
8.540000 3.396805 9.601343
8.550000 3.491667 9.369797
8.560000 3.584174 9.130296
8.570000 3.674247 8.882958
8.580000 3.761808 8.627917
8.590000 3.846780 8.365316
8.600000 3.929089 8.095317
8.610000 4.008662 7.818090
8.620000 4.085428 7.533821
8.630000 4.159316 7.242708
8.640000 4.230260 6.944962
8.650000 4.298194 6.640808
8.660000 4.363055 6.330479
8.670000 4.424784 6.014224
8.680000 4.483321 5.692302
8.690000 4.538612 5.364982
8.700000 4.590603 5.032546
8.710000 4.639246 4.695284
8.720000 4.684494 4.353497
8.730000 4.726302 4.007494
8.740000 4.764631 3.657595
8.750000 4.799442 3.304124
8.760000 4.830703 2.947416
8.770000 4.858381 2.587812
8.780000 4.882450 2.225656
8.790000 4.902887 1.861301
8.800000 4.919670 1.495104
8.810000 4.932784 1.127423
8.820000 4.942215 0.758623
8.830000 4.947954 0.389069
8.840000 4.949995 0.019128
8.850000 4.948336 -0.350832
8.860000 4.942980 -0.720443
8.870000 4.933930 -1.089338
8.880000 4.921196 -1.457151
8.890000 4.904792 -1.823519
8.900000 4.884732 -2.188081
8.910000 4.861037 -2.550480
8.920000 4.833731 -2.910365
8.930000 4.802840 -3.267388
8.940000 4.768394 -3.621209
8.950000 4.730427 -3.971493
8.960000 4.688977 -4.317913
8.970000 4.644083 -4.660151
8.980000 4.595789 -4.997895
8.990000 4.544141 -5.330843
9.000000 4.489189 -5.658705
9.010000 4.430985 -5.981198
9.020000 4.369584 -6.298051
9.030000 4.305043 -6.609004
9.040000 4.237424 -6.913809
9.050000 4.166788 -7.212227
9.060000 4.093202 -7.504036
9.070000 4.016731 -7.789022
9.080000 3.937445 -8.066986
9.090000 3.855415 -8.337741
9.100000 3.770714 -8.601114
9.110000 3.683418 -8.856944
9.120000 3.593601 -9.105084
9.130000 3.501342 -9.345402
9.140000 3.406720 -9.577775
9.150000 3.309813 -9.802097
9.160000 3.210705 -10.018276
9.170000 3.109475 -10.226230
9.180000 3.006208 -10.425891
9.190000 2.900985 -10.617207
9.200000 2.793892 -10.800135
9.210000 2.685011 -10.974647
9.220000 2.574427 -11.140726
9.230000 2.462224 -11.298367
9.240000 2.348488 -11.447578
9.250000 2.233301 -11.588378
9.260000 2.116748 -11.720796
9.270000 1.998913 -11.844874
9.280000 1.879878 -11.960663
9.290000 1.759727 -12.068224
9.300000 1.638541 -12.167627
9.310000 1.516401 -12.258954
9.320000 1.393388 -12.342293
9.330000 1.269582 -12.417742
9.340000 1.145059 -12.485406
9.350000 1.019899 -12.545398
9.360000 0.894177 -12.597839
9.370000 0.767967 -12.642855
9.380000 0.641344 -12.680579
9.390000 0.514379 -12.711150
9.400000 0.387144 -12.734712
9.410000 0.259708 -12.751413
9.420000 0.132138 -12.761409
9.430000 0.004502 -12.764855
9.440000 -0.123137 -12.761913
9.450000 -0.250716 -12.752748
9.460000 -0.378172 -12.737526
9.470000 -0.505447 -12.716418
9.480000 -0.632482 -12.689594
9.490000 -0.759220 -12.657228
9.500000 -0.885608 -12.619495
9.510000 -1.011593 -12.576569
9.520000 -1.137123 -12.528627
9.530000 -1.262149 -12.475846
9.540000 -1.386624 -12.418401
9.550000 -1.510502 -12.356469
9.560000 -1.633739 -12.290226
9.570000 -1.756293 -12.219844
9.580000 -1.878123 -12.145499
9.590000 -1.999190 -12.067363
9.600000 -2.119458 -11.985605
9.610000 -2.238891 -11.900394
9.620000 -2.357455 -11.811897
9.630000 -2.475118 -11.720279
9.640000 -2.591851 -11.625701
9.650000 -2.707623 -11.528323
9.660000 -2.822408 -11.428303
9.670000 -2.936181 -11.325793
9.680000 -3.048917 -11.220946
9.690000 -3.160593 -11.113909
9.700000 -3.271188 -11.004828
9.710000 -3.380683 -10.893844
9.720000 -3.489059 -10.781096
9.730000 -3.596299 -10.666718
9.740000 -3.702388 -10.550843
9.750000 -3.807312 -10.433598
9.760000 -3.911056 -10.315109
9.770000 -4.013610 -10.195496
9.780000 -4.114963 -10.074877
9.790000 -4.215105 -9.953366
9.800000 -4.314027 -9.831074
9.810000 -4.411724 -9.708107
9.820000 -4.508188 -9.584568
9.830000 -4.603414 -9.460558
9.840000 -4.697397 -9.336173
9.850000 -4.790136 -9.211504
9.860000 -4.881627 -9.086642
9.870000 -4.971869 -8.961672
9.880000 -5.060860 -8.836677
9.890000 -5.148602 -8.711735
9.900000 -5.235095 -8.586922
9.910000 -5.320341 -8.462311
9.920000 -5.404343 -8.337971
9.930000 -5.487102 -8.213968
9.940000 -5.568623 -8.090364
9.950000 -5.648911 -7.967221
9.960000 -5.727969 -7.844594
9.970000 -5.805805 -7.722538
9.980000 -5.882422 -7.601103
9.990000 -5.957829 -7.480340
10.000000 -6.032031 -7.360293
10.010000 -6.105037 -7.241005
